4232.873046875
4082.162109375
3987.21728515625
4189.3935546875
3998.10107421875
4080.81640625
4138.06591796875
4103.7158203125
4120.27001953125
3992.748291015625
3988.17333984375
4017.414794921875
3978.681640625
4127.37255859375
4123.24755859375
4043.267333984375
4056.729736328125
4239.99755859375
3943.8779296875
4071.77685546875
4012.77099609375
4157.1162109375
4024.365234375
4044.457763671875
4033.23681640625
3957.327392578125
4018.12158203125
4101.29638671875
3968.72119140625
4059.00927734375
3963.52685546875
3907.6630859375
4084.1162109375
4145.43603515625
4133.7587890625
4140.9404296875
4074.467041015625
3985.442138671875
4065.421630859375
4056.588623046875
4091.1298828125
3970.955322265625
4244.91357421875
3948.06201171875
4091.457763671875
4175.703125
4304.13623046875
4047.3603515625
4010.541015625
4230.888671875
4115.41259765625
4040.76806640625
4076.289794921875
4013.056640625
4110.498046875
4101.1015625
3975.78662109375
4066.80078125
4047.556396484375
4038.06640625
4042.686279296875
4075.243896484375
4140.5537109375
4109.998046875
4181.02197265625
4004.935791015625
4134.0048828125
4039.173095703125
3898.600341796875
4130.90283203125
4264.5771484375
4078.474853515625
3983.18359375
3892.03466796875
4160.38427734375
4064.77734375
4053.943359375
4132.23828125
4182.05126953125
4099.6328125
4039.26025390625
4149.73095703125
4042.841064453125
3996.346435546875
4034.869140625
3904.740478515625
4146.0078125
4105.203125
4140.41943359375
4134.18115234375
4133.453125
4244.68359375
4278.1015625
4222.37255859375
4031.642578125
4060.73681640625
4001.822998046875
4056.181640625
4058.135498046875
4039.434326171875
