2610.55029296875
2528.572998046875
2558.435546875
2662.995849609375
2579.177978515625
2605.576171875
2593.456787109375
2622.8876953125
2576.304443359375
2588.1298828125
2637.940673828125
2631.07958984375
2648.94677734375
2534.668212890625
2560.168701171875
2670.020263671875
2597.525390625
2586.85107421875
2577.34375
2597.502197265625
2677.634765625
2573.024658203125
2689.292236328125
2601.265625
2595.49560546875
2620.56884765625
2572.139892578125
2618.178466796875
2649.584228515625
2597.541259765625
2608.756103515625
2637.283447265625
2630.663818359375
2623.4755859375
2624.10791015625
2601.6025390625
2588.806640625
2607.200927734375
2592.5361328125
2615.804443359375
2639.478759765625
2617.04931640625
2648.922119140625
2668.08837890625
2536.245849609375
2576.835205078125
2530.1591796875
2567.4130859375
2634.50390625
2651.485595703125
2678.022705078125
2695.64599609375
2641.54833984375
2616.408447265625
2594.820068359375
2621.46630859375
2611.766845703125
2634.79931640625
2640.86376953125
2591.096923828125
2594.51123046875
2590.191650390625
2559.03662109375
2612.6630859375
2648.267578125
2628.165283203125
2617.1025390625
2683.076171875
2682.854736328125
2622.026123046875
2586.3857421875
2661.4189453125
2588.934326171875
2624.764892578125
2648.1953125
2582.844482421875
2678.058837890625
2644.960205078125
2606.435302734375
2584.33447265625
2669.400146484375
2611.891357421875
2551.2080078125
2615.843505859375
2645.425048828125
2646.33544921875
2651.065673828125
2676.9716796875
2604.92431640625
2659.86767578125
2631.521728515625
2682.7685546875
2562.62353515625
2601.3818359375
2628.47265625
2614.229736328125
2699.04736328125
2589.312255859375
2652.755859375
2621.8955078125
