3239.55419921875
3226.29541015625
3237.9794921875
3241.841552734375
3239.3701171875
3231.060302734375
3252.820556640625
3238.3876953125
3245.981201171875
3247.622802734375
3236.556396484375
3243.87841796875
3239.37060546875
3240.31591796875
3248.8212890625
3232.6474609375
3245.297119140625
3231.68115234375
3231.84228515625
3245.709228515625
3242.825439453125
3241.20703125
3243.894287109375
3228.16162109375
3245.223876953125
3249.47265625
3236.21240234375
3231.7978515625
3230.62548828125
3229.15576171875
3246.95068359375
3229.384033203125
3243.953857421875
3227.458984375
3236.864501953125
3228.3046875
3233.276123046875
3237.670166015625
3234.665283203125
3222.091796875
3231.640869140625
3243.833251953125
3238.13330078125
3253.04638671875
3230.97021484375
3241.535400390625
3245.22509765625
3249.15576171875
3246.705322265625
3250.54052734375
3244.748291015625
3241.486572265625
3234.5234375
3248.197265625
3241.712646484375
3243.288330078125
3229.8818359375
3231.473388671875
3238.892578125
3233.265869140625
3238.249267578125
3224.20703125
3260.2548828125
3245.111083984375
3240.79150390625
3228.956787109375
3234.73681640625
3242.15380859375
3252.43115234375
3227.468017578125
3241.89208984375
3232.02685546875
3246.39404296875
3232.64892578125
3227.952880859375
3241.212158203125
3229.095703125
3233.990478515625
3233.7978515625
3238.669189453125
3234.934326171875
3234.3779296875
3232.17578125
3242.890869140625
3238.622802734375
3244.620849609375
3247.48095703125
3243.403564453125
3228.389404296875
3236.25
3239.797119140625
3239.696533203125
3231.366943359375
3253.930908203125
3241.34716796875
3234.485107421875
3238.52197265625
3242.087646484375
3236.55224609375
3240.28662109375
