1825.9613037109375
1725.073486328125
1757.9815673828125
1912.2108154296875
1802.559326171875
1829.32763671875
1816.0938720703125
1854.943115234375
1787.22607421875
1821.9835205078125
1884.202392578125
1871.0899658203125
1894.8826904296875
1732.7259521484375
1780.85400390625
1923.5382080078125
1824.283447265625
1803.9715576171875
1801.7879638671875
1833.3155517578125
1934.3360595703125
1802.2105712890625
1946.5950927734375
1829.8974609375
1822.1883544921875
1859.286376953125
1793.47509765625
1848.0242919921875
1888.7286376953125
1819.7576904296875
1835.3187255859375
1877.2779541015625
1860.51123046875
1860.528564453125
1842.441162109375
1838.6539306640625
1804.0050048828125
1834.0072021484375
1817.7178955078125
1829.972412109375
1880.7080078125
1850.556640625
1898.8187255859375
1930.28173828125
1745.00390625
1795.2154541015625
1737.1343994140625
1769.9322509765625
1883.763916015625
1894.52294921875
1929.84912109375
1926.238037109375
1895.7353515625
1865.4168701171875
1822.4794921875
1836.6959228515625
1839.7838134765625
1872.24267578125
1877.3472900390625
1799.8704833984375
1819.0516357421875
1819.514892578125
1776.710205078125
1834.430908203125
1867.2525634765625
1865.72802734375
1839.103515625
1924.505126953125
1942.7928466796875
1842.7457275390625
1812.43603515625
1898.56103515625
1803.7454833984375
1857.1256103515625
1878.5169677734375
1786.5513916015625
1930.70263671875
1871.119873046875
1834.5958251953125
1797.4642333984375
1926.7412109375
1842.7198486328125
1747.537353515625
1857.6502685546875
1891.378173828125
1890.39990234375
1899.9022216796875
1932.0438232421875
1833.9703369140625
1890.990234375
1866.247314453125
1946.297607421875
1781.1702880859375
1834.7689208984375
1859.4178466796875
1844.648193359375
1947.9400634765625
1802.613037109375
1886.31884765625
1844.5361328125
