3226.618896484375
3226.6318359375
3226.622314453125
3226.6435546875
3226.639404296875
3226.640869140625
3226.6640625
3226.64990234375
3226.648193359375
3226.64892578125
3226.68359375
3226.629150390625
3226.64892578125
3226.651123046875
3226.658203125
3226.670654296875
3226.654541015625
3226.63818359375
3226.674072265625
3226.66357421875
3226.6474609375
3226.66357421875
3226.6337890625
3226.612060546875
3226.630126953125
3226.631591796875
3226.631591796875
3226.705078125
3226.67724609375
3226.658935546875
3226.64501953125
3226.647216796875
3226.654541015625
3226.644287109375
3226.649658203125
3226.6630859375
3226.672607421875
3226.634765625
3226.6357421875
3226.6708984375
3226.665283203125
3226.63232421875
3226.64208984375
3226.66943359375
3226.666748046875
3226.651123046875
3226.670654296875
3226.627685546875
3226.663818359375
3226.64794921875
3226.65771484375
3226.655029296875
3226.6337890625
3226.639404296875
3226.631103515625
3226.65380859375
3226.640869140625
3226.64111328125
3226.64111328125
3226.642578125
3226.64111328125
3226.657470703125
3226.6279296875
3226.650390625
3226.65380859375
3226.635498046875
3226.62841796875
3226.658203125
3226.640869140625
3226.646728515625
3226.67333984375
3226.6474609375
3226.65185546875
3226.64111328125
3226.64013671875
3226.64013671875
3226.654296875
3226.626220703125
3226.653564453125
3226.662109375
3226.630615234375
3226.661376953125
3226.6591796875
3226.64501953125
3226.63623046875
3226.662109375
3226.623779296875
3226.647216796875
3226.6591796875
3226.642822265625
3226.67236328125
3226.637939453125
3226.6591796875
3226.66552734375
3226.67138671875
3226.6640625
3226.681884765625
3226.6337890625
3226.65380859375
3226.6552734375
