4036.177978515625
3871.764892578125
3938.18798828125
4046.26513671875
4060.013916015625
3840.654541015625
4033.68505859375
3938.85498046875
4010.865966796875
4093.86767578125
3944.3095703125
4055.044677734375
4012.5478515625
4051.45751953125
4224.48193359375
3778.2783203125
3836.45849609375
3702.5595703125
3896.885009765625
3866.703125
3818.258544921875
4116.1845703125
3971.904541015625
3973.218505859375
4078.2470703125
3891.438720703125
3906.79443359375
4124.75439453125
3849.442626953125
4038.938232421875
4067.4482421875
3887.50146484375
4102.6123046875
3877.309326171875
3943.7333984375
3944.94580078125
3834.713134765625
4098.50146484375
3943.403564453125
3895.698974609375
4070.31494140625
3882.525146484375
4137.30224609375
3958.83642578125
4028.9755859375
3942.89794921875
4172.712890625
3788.384765625
3951.14892578125
3969.4873046875
3845.9140625
3890.784423828125
4052.186279296875
4075.404541015625
3926.8857421875
3976.097900390625
4024.2626953125
3958.0859375
4004.818359375
3909.798583984375
3896.553466796875
3997.3359375
3801.6787109375
4057.607421875
3831.656005859375
3980.04150390625
3941.6591796875
3867.0634765625
4065.215576171875
3884.722412109375
4061.916259765625
3921.37939453125
3995.9375
4036.779541015625
3940.570556640625
4096.50341796875
4118.521484375
4011.524169921875
3857.205078125
3849.75927734375
4169.55712890625
3936.593017578125
4027.377685546875
3823.3046875
4055.506103515625
3880.315673828125
4017.77880859375
4077.6591796875
3983.77294921875
4109.8759765625
3902.028076171875
3970.241943359375
3875.561767578125
4237.97900390625
4134.04638671875
3703.14501953125
3900.3447265625
3946.45703125
3958.126953125
3900.04150390625
