4040.043212890625
4091.271728515625
3920.209228515625
3920.02490234375
4055.310546875
3886.702880859375
4040.03125
3729.4404296875
3961.24853515625
3992.376220703125
4028.638916015625
3861.104248046875
3913.06884765625
3972.386474609375
3856.698974609375
4124.44775390625
3918.182373046875
3804.408203125
3964.8916015625
4194.1650390625
3967.8212890625
4015.46142578125
3741.07470703125
4143.92529296875
4071.742431640625
4183.0458984375
3860.942138671875
3929.145751953125
3769.7314453125
3990.393310546875
3799.84228515625
4176.71142578125
4059.66357421875
4163.46826171875
4026.90576171875
4084.90771484375
3828.4287109375
3925.55224609375
3959.9375
4117.07080078125
4017.772705078125
3977.412841796875
3781.041015625
3804.629150390625
3823.768798828125
3957.819580078125
3984.408203125
3773.168701171875
4026.463134765625
4092.595703125
3857.678466796875
3978.250244140625
4065.568115234375
4123.27880859375
3835.79150390625
4040.319091796875
3992.73193359375
3752.84423828125
4045.39892578125
4161.666015625
4059.932861328125
3984.8759765625
4142.35693359375
4129.14599609375
4000.885009765625
4063.02197265625
4162.8388671875
4041.43505859375
4128.48876953125
3849.669189453125
3787.522705078125
3957.5947265625
4072.593994140625
4029.822265625
4072.28759765625
4067.026611328125
3902.6787109375
3857.938720703125
3849.89404296875
3932.46630859375
3960.974853515625
4007.715576171875
3800.802734375
4283.775390625
3853.51416015625
3979.927001953125
4026.7666015625
4027.664794921875
3977.9794921875
4181.4296875
4088.84423828125
3760.41357421875
3796.669921875
3894.749755859375
3866.48681640625
3948.069091796875
3963.182861328125
4025.7490234375
3817.77099609375
3999.896728515625
