4790.14111328125
4762.10888671875
4765.65185546875
4777.91357421875
4755.7294921875
4804.4697265625
4752.93701171875
4778.3515625
4756.2109375
4746.77392578125
4758.76123046875
4782.92919921875
4765.96240234375
4784.78369140625
4757.5771484375
4779.01123046875
4754.5458984375
4765.24951171875
4754.92431640625
4776.880859375
4788.30712890625
4765.6005859375
4741.16064453125
4778.7041015625
4782.63525390625
4817.03173828125
4768.36865234375
4798.25732421875
4745.0654296875
4740.7841796875
4800.92822265625
4758.970703125
4747.18994140625
4812.275390625
4778.927734375
4743.7275390625
4794.47119140625
4777.1201171875
4742.02392578125
4738.70263671875
4758.71337890625
4810.96875
4743.88916015625
4763.88134765625
4788.07958984375
4776.83544921875
4778.978515625
4756.46826171875
4791.79541015625
4738.037109375
4777.1328125
4743.869140625
4732.095703125
4801.3525390625
4795.6416015625
4776.93994140625
4763.08349609375
4807.31103515625
4746.03955078125
4755.3095703125
4773.9130859375
4772.38427734375
4748.37109375
4759.80322265625
4778.45361328125
4793.57958984375
4760.994140625
4774.7705078125
4771.45556640625
4742.82275390625
4737.31298828125
4764.92138671875
4798.19580078125
4736.7021484375
4774.8017578125
4785.01611328125
4769.59716796875
4788.36865234375
4748.9775390625
4782.0595703125
4773.275390625
4769.1103515625
4768.63525390625
4746.30517578125
4776.24658203125
4756.0888671875
4776.5615234375
4810.82958984375
4793.64306640625
4777.4228515625
4812.64306640625
4769.59130859375
4742.30126953125
4753.84375
4756.0185546875
4793.9208984375
4747.677734375
4748.587890625
4769.19384765625
4755.06005859375
