4775.2958984375
4791.28125
4757.748046875
4794.6015625
4696.19287109375
4891.65966796875
4724.5712890625
4875.60302734375
4900.4814453125
4787.62744140625
4756.82666015625
4747.0419921875
4787.0703125
4839.76611328125
4821.08740234375
4745.2275390625
4753.91357421875
4705.9453125
4764.31640625
4777.35302734375
4644.61083984375
4766.63916015625
4683.6572265625
4840.42626953125
4700.42822265625
4840.740234375
4784.720703125
4684.595703125
4757.84619140625
4793.3623046875
4871.9365234375
4625.99853515625
4825.00439453125
4788.91650390625
4846.712890625
4767.65087890625
4736.376953125
4743.95751953125
4809.3916015625
4774.79052734375
4848.45654296875
4745.73583984375
4758.69287109375
4858.35205078125
4668.4423828125
4759.19384765625
4828.6396484375
4741.390625
4800.27392578125
4779.90087890625
4795.63720703125
4845.513671875
4706.970703125
4808.640625
4719.9404296875
4777.49658203125
4633.48095703125
4710.77197265625
4850.02587890625
4924.82275390625
4710.83349609375
4800.03955078125
4818.89306640625
4805.0673828125
4788.18603515625
4663.6884765625
4906.6171875
4790.6630859375
4773.4111328125
4708.2607421875
4760.92822265625
4754.24462890625
4783.86328125
4722.4013671875
4714.345703125
4708.18798828125
4712.80126953125
4838.474609375
4784.45458984375
4792.19384765625
4714.7744140625
4716.51171875
4864.09521484375
4802.6533203125
4748.8232421875
4708.3876953125
4839.49267578125
4675.33984375
4856.79248046875
4789.40869140625
4713.10205078125
4857.50830078125
4749.92529296875
4796.109375
4642.9677734375
4756.99267578125
4732.37744140625
4702.21044921875
4762.5478515625
4687.40478515625
